1 1 1
2 2 1
3 3 1
4 4 1
5 5 1
6 6 1
7 7 1
8 8 1
9 9 1
10 10 1
11 11 1
12 12 1
13 13 1
14 14 1
15 15 1
16 16 1
17 17 1
18 18 1
19 19 1
20 20 1
21 21 1
22 22 1
23 23 1
24 24 1
25 25 1
26 26 1
27 27 1
28 28 1
29 29 1
30 30 1
16 4 0
22 13 0
24 28 0
29 3 0
13 28 0
12 5 0
12 11 0
24 27 0
17 10 0
6 13 0
28 26 0
22 29 0
12 14 0
2 12 0
6 26 0
4 13 0
21 17 0
25 15 0
7 23 0
9 19 0
20 12 0
23 1 0
23 9 0
19 1 0
18 24 0
5 7 0
11 26 0
6 22 0
1 29 0
26 28 0
25 29 0
10 15 0
7 26 0
21 13 0
18 30 0
2 30 0
11 16 0
22 25 0
24 11 0
17 3 0
4 22 0
10 7 0
9 7 0
28 2 0
27 23 0
29 13 0
13 1 0
26 10 0
24 14 0
1 17 0
5 4 0
25 26 0
28 18 0
6 15 0
13 2 0
28 14 0
8 6 0
12 27 0
7 8 0
12 28 0
21 16 0
20 10 0
27 15 0
11 13 0
29 24 0
12 4 0
3 9 0
10 29 0
20 9 0
5 1 0
28 3 0
30 1 0
22 20 0
16 11 0
21 5 0
26 24 0
17 7 0
27 7 0
1 3 0
22 4 0
6 16 0
12 8 0
22 14 0
6 3 0
22 2 0
3 11 0
27 2 0
11 10 0
14 19 0
21 26 0
15 8 0
6 7 0
29 28 0
9 12 0
1 7 0
19 13 0
6 10 0
26 11 0
4 9 0
5 6 0
20 23 0
30 22 0
2 13 0
2 22 0
30 16 0
21 11 0
8 27 0
17 29 0
24 18 0
10 25 0
24 29 0
7 29 0
30 24 0
1 4 0
2 27 0
1 13 0
19 30 0
27 21 0
4 28 0
6 17 0
13 14 0
3 28 0
1 5 0
14 24 0
25 12 0
19 7 0
3 12 0
11 22 0
11 7 0
4 7 0
23 7 0
6 27 0
25 21 0
13 30 0
22 16 0
18 3 0
14 12 0
14 25 0
25 16 0
23 28 0
22 19 0
20 11 0
30 11 0
26 16 0
23 8 0
15 20 0
1 27 0
4 10 0
21 9 0
14 4 0
25 8 0
20 18 0
6 24 0
26 18 0
26 8 0
5 25 0
10 2 0
29 25 0
22 26 0
14 15 0
16 5 0
30 18 0
6 19 0
27 3 0
18 9 0
12 6 0
30 26 0
29 2 0
18 2 0
14 29 0
16 19 0
6 1 0
23 21 0
21 23 0
3 27 0
21 30 0
16 24 0
27 24 0
23 19 0
11 21 0
20 29 0
1 14 0
27 8 0
30 17 0
14 20 0
9 14 0
7 11 0
10 19 0
19 22 0
11 4 0
27 29 0
25 7 0
19 6 0
28 19 0
4 20 0
2 1 0
19 25 0
11 8 0
29 11 0
13 27 0
14 22 0
8 2 0
5 18 0
5 11 0
9 11 0
30 19 0
7 20 0
8 30 0
20 26 0
24 5 0
5 27 0
4 3 0
7 16 0
21 3 0
16 18 0
11 2 0
1 19 0
21 29 0
8 28 0
16 14 0
23 20 0
15 16 0
4 6 0
4 18 0
27 10 0
2 21 0
